R1107	1DRZ_B	609.0	1	2.25489176267354	1	0.120009	1	loc	1
R1107	1C9S_W	-27.4	1	1.7119330753010211	1	-0.0317165	1	rnamo	2
R1107	1DRZ_B	-27.46	2	1.7002744943334378	2	-0.0329633	2	rnamo	3
R1107	1DK1_B	-27.56	3	1.6808435260541337	3	-0.0350414	3	rnamo	4
R1107	1DK1_B	-2388.0	2	1.3583634859640468	2	-0.0351354	2	loc	5
R1107	1C04_E	-28.6	4	1.4787614559493627	4	-0.0566531	4	rnamo	6
R1107	1B23_R	-29.37	5	1.3291430001987157	5	-0.0726542	5	rnamo	7
R1107	1C0A_B	-29.79	6	1.2475329334256355	6	-0.081382	6	rnamo	8
R1107	1C0A_B	-3567.0	3	1.005675184916168	3	-0.0961681	3	loc	9
R1107	1C04_E	-3754.0	4	0.949735649465826	4	-0.105848	4	loc	10
